290.0 0.000000
300.0 0.000000
310.0 1.316300
320.0 5.464060
330.0 11.260734
340.0 15.555694
350.0 17.500421
360.0 18.736752
370.0 19.479117
380.0 19.258318
390.0 20.024037
400.0 19.796161
410.0 19.415425
420.0 19.040350
430.0 18.772844
440.0 18.384324
450.0 17.835865
460.0 16.912332
470.0 15.747477
480.0 14.739022
490.0 14.151641
500.0 13.676782
510.0 13.124785
520.0 11.736301
530.0 9.427114
540.0 7.558110
550.0 6.437132
560.0 5.607721
570.0 5.046524
580.0 4.424467
590.0 3.802409
600.0 3.239089
610.0 2.645338
620.0 2.201618
630.0 1.728175
640.0 1.377869
650.0 1.116732
660.0 0.898764
670.0 0.641873
680.0 0.443013
690.0 0.307844
700.0 0.178337
710.0 0.000000
720.0 0.000000
